1 ns 000 AAAA 0001 0001 0001 0001 0001 0001 0001 AAAF 0001 0001 0001 0001 0001 0001 0001 AFFF 0001 0001 0001 0001 0001 0001 0001 AAA1 0001 0001 0001 0001 0001 0001 0001
1 ns 001 BBBB 0010 0010 0010 0010 0010 0010 0010 BBBB 0010 0010 0010 0010 0010 0010 0010 BBBB 0010 0010 0010 0010 0010 0010 0010 BBBB 0010 0010 0010 0010 0010 0010 0010
1 ns 010 CCCC 0001 0001 0001 0001 0001 0001 0001 CCCC 0001 0001 0001 0001 0001 0001 0001 CCCC 0001 0001 0001 0001 0001 0001 0001 CCCC 0001 0001 0001 0001 0001 0001 0001
1 ns 011 DDDD 0001 0001 0001 0001 0001 0001 0001 DDDD 0001 0001 0001 0001 0001 0001 0001 DDDD 0001 0001 0001 0001 0001 0001 0001 DDDD 0001 0001 0001 0001 0001 0001 0001
1 ns 100 EEEE 0001 0001 0001 0001 0001 0001 0001 EEEE 0001 0001 0001 0001 0001 0001 0001 EEEE 0001 0001 0001 0001 0001 0001 0001 EEEE 0001 0001 0001 0001 0001 0001 0001
1 ns 101 FFFF 0001 0001 0001 0001 0001 0001 0001 FFF1 0001 0001 0001 0001 0001 0001 0001 FFF1 0001 0001 0001 0001 0001 0001 0001 FFF2 0001 0001 0001 0001 0001 0001 0001
1 ns 110 1111 0001 0001 0001 0001 0001 0001 0001 1111 0001 0001 0001 0001 0001 0001 0001 1111 0001 0001 0001 0001 0001 0001 0001 1111 0001 0001 0001 0001 0001 0001 0001
1 ns 000 AAAA 0001 0001 0001 0001 0001 0001 0001 AAAA 0001 0001 0001 0001 0001 0001 0001 AAAA 0001 0001 0001 0001 0001 0001 0001 AAAA 0001 0001 0001 0001 0001 0001 0001
1 ns 001 BBBB 0001 0001 0001 0001 0001 0001 0001 BBBB 0001 0001 0001 0001 0001 0001 0001 BBBB 0001 0001 0001 0001 0001 0001 0001 BBBB 0001 0001 0001 0001 0001 0001 0001
1 ns 010 CCCC 0001 0001 0001 0001 0001 0001 0001 CCCC 0001 0001 0001 0001 0001 0001 0001 CCCC 0001 0001 0001 0001 0001 0001 0001 CCCC 0001 0001 0001 0001 0001 0001 0001
1 ns 011 DDDD 0001 0001 0001 0001 0001 0001 0001 DDDD 0001 0001 0001 0001 0001 0001 0001 DDDD 0001 0001 0001 0001 0001 0001 0001 DDDD 0001 0001 0001 0001 0001 0001 0001
1 ns 100 EEEE 0001 0001 0001 0001 0001 0001 0001 EEEE 0001 0001 0001 0001 0001 0001 0001 EEEE 0001 0001 0001 0001 0001 0001 0001 EEEE 0001 0001 0001 0001 0001 0001 0001
1 ns 101 FFFF 0001 0001 0001 0001 0001 0001 0001 FFFF 0001 0001 0001 0001 0001 0001 0001 FFFF 0001 0001 0001 0001 0001 0001 0001 FFFF 0001 0001 0001 0001 0001 0001 0001
1 ns 110 1111 0001 0001 0001 0001 0001 0001 0001 1111 0001 0001 0001 0001 0001 0001 0001 1111 0001 0001 0001 0001 0001 0001 0001 1111 0001 0001 0001 0001 0001 0001 0001
1 ns 000 AAAA 0001 0001 0001 0001 0001 0001 0001 AAAA 0001 0001 0001 0001 0001 0001 0001 AAAA 0001 0001 0001 0001 0001 0001 0001 AAAA 0001 0001 0001 0001 0001 0001 0001
1 ns 001 BBBB 0001 0001 0001 0001 0001 0001 0001 BBBB 0001 0001 0001 0001 0001 0001 0001 BBBB 0001 0001 0001 0001 0001 0001 0001 BBBB 0001 0001 0001 0001 0001 0001 0001
1 ns 010 CCCC 0001 0001 0001 0001 0001 0001 0001 CCCC 0001 0001 0001 0001 0001 0001 0001 CCCC 0001 0001 0001 0001 0001 0001 0001 CCCC 0001 0001 0001 0001 0001 0001 0001
1 ns 011 DDDD 0001 0001 0001 0001 0001 0001 0001 DDDD 0001 0001 0001 0001 0001 0001 0001 DDDD 0001 0001 0001 0001 0001 0001 0001 DDDD 0001 0001 0001 0001 0001 0001 0001
1 ns 100 EEEE 0001 0001 0001 0001 0001 0001 0001 EEEE 0001 0001 0001 0001 0001 0001 0001 EEEE 0001 0001 0001 0001 0001 0001 0001 EEEE 0001 0001 0001 0001 0001 0001 0001
1 ns 101 FFFF 0001 0001 0001 0001 0001 0001 0001 FFFF 0001 0001 0001 0001 0001 0001 0001 FFFF 0001 0001 0001 0001 0001 0001 0001 FFFF 0001 0001 0001 0001 0001 0001 0001
1 ns 110 1111 0001 0001 0001 0001 0001 0001 0001 1111 0001 0001 0001 0001 0001 0001 0001 1111 0001 0001 0001 0001 0001 0001 0001 1111 0001 0001 0001 0001 0001 0001 0001
1 ns 000 AAAA 0001 0001 0001 0001 0001 0001 0001 AAAA 0001 0001 0001 0001 0001 0001 0001 AAAA 0001 0001 0001 0001 0001 0001 0001 AAAA 0001 0001 0001 0001 0001 0001 0001
1 ns 001 BBBB 0001 0001 0001 0001 0001 0001 0001 BBBB 0001 0001 0001 0001 0001 0001 0001 BBBB 0001 0001 0001 0001 0001 0001 0001 BBBB 0001 0001 0001 0001 0001 0001 0001
1 ns 010 CCCC 0001 0001 0001 0001 0001 0001 0001 CCCC 0001 0001 0001 0001 0001 0001 0001 CCCC 0001 0001 0001 0001 0001 0001 0001 CCCC 0001 0001 0001 0001 0001 0001 0001
1 ns 011 DDDD 0001 0001 0001 0001 0001 0001 0001 DDDD 0001 0001 0001 0001 0001 0001 0001 DDDD 0001 0001 0001 0001 0001 0001 0001 DDDD 0001 0001 0001 0001 0001 0001 0001
1 ns 100 EEEE 0001 0001 0001 0001 0001 0001 0001 EEEE 0001 0001 0001 0001 0001 0001 0001 EEEE 0001 0001 0001 0001 0001 0001 0001 EEEE 0001 0001 0001 0001 0001 0001 0001
1 ns 101 FFFF 0001 0001 0001 0001 0001 0001 0001 FFFF 0001 0001 0001 0001 0001 0001 0001 FFFF 0001 0001 0001 0001 0001 0001 0001 FFFF 0001 0001 0001 0001 0001 0001 0001
1 ns 110 1111 0001 0001 0001 0001 0001 0001 0001 1111 0001 0001 0001 0001 0001 0001 0001 1111 0001 0001 0001 0001 0001 0001 0001 1111 0001 0001 0001 0001 0001 0001 0001
1 ns 000 AAAA 0001 0001 0001 0001 0001 0001 0001 AAAA 0001 0001 0001 0001 0001 0001 0001 AAAA 0001 0001 0001 0001 0001 0001 0001 AAAA 0001 0001 0001 0001 0001 0001 0001
1 ns 001 BBBB 0001 0001 0001 0001 0001 0001 0001 BBBB 0001 0001 0001 0001 0001 0001 0001 BBBB 0001 0001 0001 0001 0001 0001 0001 BBBB 0001 0001 0001 0001 0001 0001 0001
1 ns 010 CCCC 0001 0001 0001 0001 0001 0001 0001 CCCC 0001 0001 0001 0001 0001 0001 0001 CCCC 0001 0001 0001 0001 0001 0001 0001 CCCC 0001 0001 0001 0001 0001 0001 0001
1 ns 011 DDDD 0001 0001 0001 0001 0001 0001 0001 DDDD 0001 0001 0001 0001 0001 0001 0001 DDDD 0001 0001 0001 0001 0001 0001 0001 DDDD 0001 0001 0001 0001 0001 0001 0001
1 ns 100 EEEE 0001 0001 0001 0001 0001 0001 0001 EEEE 0001 0001 0001 0001 0001 0001 0001 EEEE 0001 0001 0001 0001 0001 0001 0001 EEEE 0001 0001 0001 0001 0001 0001 0001
1 ns 101 FFFF 0001 0001 0001 0001 0001 0001 0001 FFFF 0001 0001 0001 0001 0001 0001 0001 FFFF 0001 0001 0001 0001 0001 0001 0001 FFFF 0001 0001 0001 0001 0001 0001 0001
1 ns 110 1111 0001 0001 0001 0001 0001 0001 0001 1111 0001 0001 0001 0001 0001 0001 0001 1111 0001 0001 0001 0001 0001 0001 0001 1111 0001 0001 0001 0001 0001 0001 0001
1 ns 000 AAAA 0001 0001 0001 0001 0001 0001 0001 AAAA 0001 0001 0001 0001 0001 0001 0001 AAAA 0001 0001 0001 0001 0001 0001 0001 AAAA 0001 0001 0001 0001 0001 0001 0001
1 ns 001 BBBB 0001 0001 0001 0001 0001 0001 0001 BBBB 0001 0001 0001 0001 0001 0001 0001 BBBB 0001 0001 0001 0001 0001 0001 0001 BBBB 0001 0001 0001 0001 0001 0001 0001
1 ns 010 CCCC 0001 0001 0001 0001 0001 0001 0001 CCCC 0001 0001 0001 0001 0001 0001 0001 CCCC 0001 0001 0001 0001 0001 0001 0001 CCCC 0001 0001 0001 0001 0001 0001 0001
1 ns 011 DDDD 0001 0001 0001 0001 0001 0001 0001 DDDD 0001 0001 0001 0001 0001 0001 0001 DDDD 0001 0001 0001 0001 0001 0001 0001 DDDD 0001 0001 0001 0001 0001 0001 0001
1 ns 100 EEEE 0001 0001 0001 0001 0001 0001 0001 EEEE 0001 0001 0001 0001 0001 0001 0001 EEEE 0001 0001 0001 0001 0001 0001 0001 EEEE 0001 0001 0001 0001 0001 0001 0001
1 ns 101 FFFF 0001 0001 0001 0001 0001 0001 0001 FFFF 0001 0001 0001 0001 0001 0001 0001 FFFF 0001 0001 0001 0001 0001 0001 0001 FFFF 0001 0001 0001 0001 0001 0001 0001
1 ns 110 1111 0001 0001 0001 0001 0001 0001 0001 1111 0001 0001 0001 0001 0001 0001 0001 1111 0001 0001 0001 0001 0001 0001 0001 1111 0001 0001 0001 0001 0001 0001 0001