# esse eh um teste

10 ns 000 0000 0000 0000 0000 0000 0000 0001 0000 0002 0000 0000 0000 0000 0000 0000 0002 0001 0000 0000 0000 0000 0000 0002 0001 0001 0001 0002 0000 0000 0000 0000 0000
# esse eh um segundo teste
10 ns 001 0002 0000 0000 0001 0000 0000 0000 0001 0002 0000 0000 0000 0000 0001 0001 0000 0001 0000 0000 0000 0001 0000 0000 0000 0000 0000 0000 0001 0002 0000 0000 0000
10 ns 010 0000 0000 0002 0000 0002 0000 0001 0001 0001 0000 0000 0000 0000 0000 0000 0000 0000 0000 0000 0000 0001 0001 0000 0000 0000 0001 0000 0000 0000 0000 0000 0000
10 ns 011 0001 0000 0000 0000 0001 0001 0002 0000 0000 0000 0000 0000 0000 0000 0000 0000 0000 0000 0001 0000 0000 0000 0000 0001 0001 0000 0000 0000 0001 0000 0000 0000
10 ns 100 0001 0000 0000 0000 0002 0001 0000 0000 0000 0001 0000 0000 0001 0000 0000 0000 0001 0000 0000 0000 0000 0001 0001 0000 0001 0000 0000 0001 0002 0000 0000 0000
10 ns 101 0000 0000 0001 0000 0001 0001 0001 0000 0000 0000 0002 0000 0000 0000 0000 0000 0000 0000 0000 0001 0000 0000 0000 0001 0000 0000 0000 0000 0000 0000 0001 0000
50 ns 111 0000 0000 0001 0000 0001 0001 0001 0000 0000 0000 0002 0000 0000 0000 0000 0000 0000 0000 0000 0001 0000 0000 0000 0001 0000 0000 0000 0000 0000 0000 0001 0000
10 ns 000 0001 0000 0000 0001 0001 0000 0001 0001 0001 0000 0001 0000 0001 0001 0000 0000 0000 0000 0000 0002 0000 0000 0001 0001 0000 0001 0000 0000 0000 0000 0000 0000
10 ns 001 0000 0000 0000 0000 0001 0002 0001 0001 0000 0000 0000 0002 0004 0000 0000 0000 0000 0000 0000 0000 0000 0000 0000 0000 0000 0000 0000 0000 0000 0000 0000 0000
10 ns 010 0000 0000 0000 0000 0000 0004 0003 0000 0000 0001 0000 0000 0000 0000 0000 0000 0000 0002 0003 0001 0000 0002 0001 0000 0000 0000 0003 0001 0001 0001 0000 0001
10 ns 011 0000 0000 0000 0002 0006 0024 0001 0000 0000 0001 0000 0000 0000 0000 0000 0001 0001 0000 0001 0001 0000 0000 0004 0000 0000 0000 0000 0000 0000 0000 0000 0000
10 ns 100 0000 0000 0001 0000 0000 0001 0000 0000 0000 0001 0000 0000 0000 0000 0000 0001 0002 0000 0000 0000 0000 0000 0000 0000 0000 0002 0002 0000 0000 0000 0000 0001
10 ns 101 0000 0000 0000 0000 0000 0000 0001 0000 0001 0000 0000 0001 0000 0001 0000 0001 0000 0000 0000 0000 0000 0000 0000 0000 0000 0000 0000 0001 0001 0000 0000 0002
50 ns 111 0000 0000 0001 0000 0001 0001 0001 0000 0000 0000 0002 0000 0000 0000 0000 0000 0000 0000 0000 0001 0000 0000 0000 0001 0000 0000 0000 0000 0000 0000 0001 0000
10 ns 000 0000 0000 0000 0001 0001 0001 0000 0000 0000 0000 0000 0001 0000 0001 0001 0002 0001 0001 0000 0000 0001 0002 0000 0000 0000 0000 0000 0000 0001 0000 0002 0000
10 ns 001 0001 0000 0001 0000 0000 0000 0000 0000 0002 0001 0000 0000 0000 0000 0003 0000 0000 0000 0000 0001 0000 0000 0000 0000 0000 0000 0001 0003 0002 0001 0002 0001
10 ns 010 0000 0002 0000 0000 0000 0000 0000 0001 0002 0002 0000 0000 0001 0000 0000 0001 0001 0000 0000 0000 0000 0000 0000 0000 0000 0001 0002 0000 0000 0000 0000 0001
10 ns 011 0000 0000 0001 0000 0000 0000 0003 0000 0000 0000 0000 0000 0000 0000 0000 0000 0000 0000 0001 0001 0001 0000 0000 0001 0000 0001 0000 0001 0001 0001 0001 0001
10 ns 100 0001 0000 0000 0001 0000 0000 0000 0000 0002 0000 0002 0000 0000 0000 0000 0000 0001 0001 0000 0001 0000 0001 0001 0000 0000 0001 0000 0000 0000 0000 0000 0001
10 ns 101 0002 0000 0002 0001 0001 0001 0001 0001 0002 0001 0000 0003 0000 0002 0000 0001 0001 0000 0001 0000 0000 0000 0000 0000 0000 0002 0000 0001 0002 0000 0000 0001
50 ns 111 0000 0000 0001 0000 0001 0001 0001 0000 0000 0000 0002 0000 0000 0000 0000 0000 0000 0000 0000 0001 0000 0000 0000 0001 0000 0000 0000 0000 0000 0000 0001 0000
10 ns 000 0000 0001 0003 0000 0001 0001 0000 0001 0000 0000 0000 0000 0000 0001 0000 0000 0000 0000 0000 0000 0000 0000 0000 0000 0001 0000 0000 0000 0001 0001 0000 0000
10 ns 001 0000 0000 0000 0001 0002 0000 0000 0001 0003 0000 0001 0001 0003 0000 0001 0000 0000 0000 0001 0000 0001 0000 0000 0001 0000 0000 0000 0000 0001 0000 0000 0000
10 ns 010 0000 0000 0000 0002 0000 0002 0000 0000 0000 0000 0001 0002 0001 0000 0001 0000 0000 0000 0000 0000 0000 0001 0001 0000 0000 0000 0000 0000 0002 0000 0001 0001
10 ns 011 0000 0000 0001 0001 0000 0002 0000 0000 0000 0001 0000 0001 0003 0003 0002 0000 0000 0001 0001 0000 0001 0001 0000 0000 0000 0000 0000 0001 0000 0000 0000 0000
10 ns 100 0000 0000 0000 0001 0003 0000 0000 0000 0000 0000 0000 0001 0000 0000 0000 0000 0000 0000 0000 0000 0000 0000 0000 0000 0001 0000 0001 0000 0000 0001 0000 0000
10 ns 101 0000 0000 0000 0001 0000 0001 0000 0000 0000 0000 0000 0001 0002 0000 0001 0001 0000 0001 0000 0001 0001 0001 0003 0000 0000 0000 0000 0001 0001 0001 0000 0000
50 ns 111 0000 0000 0001 0000 0001 0001 0001 0000 0000 0000 0002 0000 0000 0000 0000 0000 0000 0000 0000 0001 0000 0000 0000 0001 0000 0000 0000 0000 0000 0000 0001 0000
10 ns 000 0001 0001 0000 0000 0000 0001 0000 0000 0001 0001 0001 0000 0000 0000 0000 0000 0000 0000 0000 0001 0002 0000 0000 0000 0000 0000 0000 0000 0000 0003 0001 0001
10 ns 001 0000 0000 0000 0000 0000 0000 0001 0001 0002 0001 0000 0000 0001 0000 0000 0002 0000 0001 0005 0001 0002 0000 0000 0000 0000 0000 0000 0000 0000 0000 0000 0002
10 ns 010 0000 0001 0000 0000 0000 0001 0001 0002 0003 0000 0000 0000 0002 0000 0000 0000 0001 0001 0000 0001 0001 0001 0000 0000 0000 0000 0002 0001 0002 0000 0000 0001
10 ns 011 0000 0001 0002 0000 0000 0002 0000 0000 0000 0000 0000 0005 0001 0000 0001 0001 0000 0001 0001 0002 0000 0000 0000 0001 0000 0000 0000 0000 0000 0000 0001 0001
10 ns 100 0000 0000 0000 0000 0000 0000 0000 0001 0000 0001 0000 0000 0001 0000 0000 0000 0001 0000 0002 0002 0001 0002 0000 0000 0002 0001 0000 0002 0000 0000 0001 0001
10 ns 101 0000 0000 0001 0000 0001 0001 0000 0000 0000 0000 0001 0002 0001 0001 0000 0001 0001 0001 0000 0000 0000 0000 0003 0001 0000 0001 0001 0001 0001 0000 0001 0002
50 ns 111 0000 0000 0001 0000 0001 0001 0001 0000 0000 0000 0002 0000 0000 0000 0000 0000 0000 0000 0000 0001 0000 0000 0000 0001 0000 0000 0000 0000 0000 0000 0001 0000
10 ns 000 0001 0000 0000 0000 0000 0000 0000 0000 0000 0000 0000 0000 0000 0000 0002 0000 0000 0000 0000 0000 0000 0000 0001 0000 0002 0000 0000 0002 0002 0000 0000 0000
10 ns 001 0000 0000 0001 0000 0000 0000 0000 0000 0000 0000 0001 0000 0000 0000 0000 0000 0002 0000 0000 0000 0000 0000 0000 0000 0000 0000 0000 0000 0000 0000 0002 0000
10 ns 010 0000 0001 0003 0002 0000 0000 0000 0000 0002 0000 0000 0000 0000 0000 0000 0000 0000 0001 0000 0000 0000 0000 0000 0000 0000 0000 0000 0000 0000 0000 0000 0002
10 ns 011 0000 0000 0000 0000 0000 0000 0000 0002 0000 0000 0000 0000 0000 0000 0000 0000 0000 0000 0000 0001 0000 0000 0000 0000 0000 0000 0000 0000 0001 0000 0000 0000
10 ns 100 0001 0000 0000 0000 0000 0000 0001 0000 0000 0000 0000 0000 0000 0000 0000 0001 0000 0000 0001 0000 0000 0000 0000 0000 0000 0000 0000 0000 0003 0000 0000 0001
10 ns 101 0000 0000 0000 0000 0000 0000 0000 0000 0000 0000 0000 0000 0002 0002 0001 0000 0000 0000 0000 0001 0000 0001 0000 0000 0000 0000 0000 0000 0000 0000 0000 0000
50 ns 111 0000 0000 0001 0000 0001 0001 0001 0000 0000 0000 0002 0000 0000 0000 0000 0000 0000 0000 0000 0001 0000 0000 0000 0001 0000 0000 0000 0000 0000 0000 0001 0000
10 ns 000 0000 0001 0000 0000 0002 0001 0000 0000 0000 0001 0001 0001 0000 0000 0001 0000 0000 0000 0000 0002 0000 0000 0000 0000 0000 0000 0002 0001 0000 0000 0000 0000
10 ns 001 0001 0002 0000 0000 0000 0001 0000 0001 0001 0000 0001 0001 0000 0001 0001 0001 0001 0001 0000 0001 0000 0001 0002 0000 0001 0003 0004 0000 0000 0002 0001 0003
10 ns 010 0003 0000 0000 0003 0000 0000 0000 0001 0000 0000 0000 0001 0001 0000 0002 0000 0000 0001 0000 0001 0000 0001 0001 0000 0000 0001 0001 0001 0002 0002 0000 0002
10 ns 011 0000 0000 0000 0002 0002 0001 0000 0000 0001 0000 0000 0002 0002 0000 0001 0000 0000 0000 0000 0000 0000 0000 0001 0002 0001 0001 0000 0000 0001 0001 0000 0000
10 ns 100 0000 0000 0000 0001 0000 0000 0000 0000 0000 0000 0000 0000 0000 0000 0000 0000 0000 0001 0000 0001 0001 0001 0000 0000 0000 0001 0001 0001 0001 0000 0001 0002
10 ns 101 0000 0001 0001 0000 0000 0001 0000 0000 0000 0000 0000 0001 0000 0000 0000 0001 0001 0000 0001 0001 0000 0000 0001 0001 0000 0001 0001 0000 0001 0002 0001 0000
50 ns 111 0000 0000 0001 0000 0001 0001 0001 0000 0000 0000 0002 0000 0000 0000 0000 0000 0000 0000 0000 0001 0000 0000 0000 0001 0000 0000 0000 0000 0000 0000 0001 0000
10 ns 000 0001 0000 0000 0000 0001 0001 0000 0000 0000 0000 0000 0000 0000 0000 0000 0000 0000 0000 0001 0000 0001 0002 0000 0000 0000 0002 0000 0000 0001 0000 0000 0000
10 ns 001 0000 0000 0000 0000 0000 0000 0000 0000 0000 0000 0000 0000 0000 0000 0001 0001 0000 0000 0000 0002 0000 0001 0001 0003 0001 0000 0000 0001 0000 0000 0000 0000
10 ns 010 0004 0001 0000 0000 0000 0001 0000 0000 0002 0000 0000 0000 0001 0000 0000 0000 0001 0001 0000 0000 0000 0002 0000 0000 0000 0000 0000 0002 0000 0000 0000 0000
10 ns 011 0000 0002 0000 0000 0000 0000 0001 0000 0000 0000 0001 0002 0000 0000 0000 0000 0000 0000 0000 0000 0000 0000 0000 0000 0001 0000 0000 0000 0002 0000 0001 0002
10 ns 100 0000 0000 0000 0001 0001 0000 0000 0001 0001 0000 0000 0000 0000 0000 0000 0000 0000 0000 0000 0001 0000 0000 0000 0000 0000 0000 0000 0000 0000 0000 0000 0000
10 ns 101 0000 0001 0000 0000 0000 0000 0000 0002 0000 0000 0000 0000 0000 0000 0000 0000 0000 0001 0000 0001 0000 0000 0000 0000 0000 0000 0000 0000 0000 0000 0000 0002
50 ns 111 0000 0000 0001 0000 0001 0001 0001 0000 0000 0000 0002 0000 0000 0000 0000 0000 0000 0000 0000 0001 0000 0000 0000 0001 0000 0000 0000 0000 0000 0000 0001 0000
10 ns 000 0000 0000 0000 0000 0000 0001 0001 0000 0002 0000 0000 0001 0000 0001 0000 0000 0000 0001 0000 0001 0002 0000 0001 0000 0000 0000 0000 0000 0001 0002 0002 0000
10 ns 001 0000 0000 0000 0000 0000 0000 0000 0000 0000 0002 0001 0001 0000 0000 0001 0000 0001 0001 0000 0000 0001 0001 0000 0000 0001 0000 0000 0000 0000 0000 0000 0000
10 ns 010 0001 0000 0000 0000 0000 0001 0001 0001 0001 0001 0002 0000 0000 0001 0000 0000 0000 0001 0000 0002 0001 0002 0002 0000 0000 0000 0000 0000 0000 0001 0000 0001
10 ns 011 0001 0000 0003 0000 0001 0000 0000 0000 0000 0000 0000 0000 0000 0001 0000 0000 0002 0000 0000 0000 0000 0000 0001 0000 0000 0000 0001 0000 0001 0000 0000 0000
10 ns 100 0002 0002 0001 0000 0000 0000 0000 0000 0000 0000 0000 0000 0000 0001 0000 0001 0000 0000 0000 0000 0000 0000 0000 0000 0000 0002 0001 0000 0000 0000 0000 0003
10 ns 101 0000 0000 0000 0000 0000 0000 0000 0000 0001 0001 0001 0000 0000 0000 0000 0000 0001 0000 0000 0000 0000 0000 0000 0000 0001 0000 0000 0000 0000 0000 0001 0001
50 ns 111 0000 0000 0001 0000 0001 0001 0001 0000 0000 0000 0002 0000 0000 0000 0000 0000 0000 0000 0000 0001 0000 0000 0000 0001 0000 0000 0000 0000 0000 0000 0001 0000
10 ns 000 0000 0000 0001 0000 0000 0000 0000 0000 0000 0000 0000 0000 0000 0000 0000 0000 0000 0000 0001 0000 0000 0001 0000 0001 0000 0000 0000 0000 0000 0000 0000 0000
10 ns 001 0000 0000 0000 0000 0000 0000 0000 0000 0000 0000 0000 0000 0000 0000 0000 0000 0000 0000 0000 0000 0000 0000 0001 0001 0000 0000 0000 0000 0000 0000 0001 0000
10 ns 010 0000 0000 0000 0000 0000 0000 0000 0000 0000 0000 0000 0001 0000 0000 0000 0000 0000 0001 0000 0001 0000 0000 0001 0000 0000 0000 0000 0000 0000 0000 0001 0000
10 ns 011 0000 0000 0001 0000 0000 0000 0000 0000 0000 0000 0000 0001 0000 0000 0000 0000 0000 0000 0000 0000 0000 0000 0000 0001 0000 0000 0000 0000 0000 0000 0000 0000
10 ns 100 0000 0000 0000 0000 0000 0000 0001 0000 0000 0000 0000 0000 0000 0000 0000 0000 0000 0000 0000 0000 0000 0000 0000 0000 0001 0000 0000 0000 0000 0000 0000 0000
10 ns 101 0000 0000 0000 0000 0000 0000 0000 0000 0000 0000 0001 0000 0000 0000 0000 0001 0000 0000 0000 0000 0000 0000 0000 0000 0000 0000 0000 0000 0000 0000 0000 0000
50 ns 111 0000 0000 0001 0000 0001 0001 0001 0000 0000 0000 0002 0000 0000 0000 0000 0000 0000 0000 0000 0001 0000 0000 0000 0001 0000 0000 0000 0000 0000 0000 0001 0000