# Processing dumpgTowers.C...
# nentries1 : 13618804
# New Event : 80264034
10 ns 0 0000 0000 0000 0000 0000 0000 0001 0000 0002 0000 0000 0000 0000 0000 0000 0002 0001 0000 0000 0000 0000 0000 0002 0001 0001 0001 0002 0000 0000 0000 0000 0000 
10 ns 1 0002 0000 0000 0001 0000 0000 0000 0001 0002 0000 0000 0000 0000 0001 0001 0000 0001 0000 0000 0000 0001 0000 0000 0000 0000 0000 0000 0001 0002 0000 0000 0000 
10 ns 2 0000 0000 0002 0000 0002 0000 0001 0001 0001 0000 0000 0000 0000 0000 0000 0000 0000 0000 0000 0000 0001 0001 0000 0000 0000 0001 0000 0000 0000 0000 0000 0000 
10 ns 3 0001 0000 0000 0000 0001 0001 0002 0000 0000 0000 0000 0000 0000 0000 0000 0000 0000 0000 0001 0000 0000 0000 0000 0001 0001 0000 0000 0000 0001 0000 0000 0000 
10 ns 4 0001 0000 0000 0000 0002 0001 0000 0000 0000 0001 0000 0000 0001 0000 0000 0000 0001 0000 0000 0000 0000 0001 0001 0000 0001 0000 0000 0001 0002 0000 0000 0000 
10 ns 5 0000 0000 0001 0000 0001 0001 0001 0000 0000 0000 0002 0000 0000 0000 0000 0000 0000 0000 0000 0001 0000 0000 0000 0001 0000 0000 0000 0000 0000 0000 0001 0000 
50 ns 0 0 0 0 0 0 0 0 0 0 0 0 0 0 0 0 0 0 0 0 0 0 0 0 0 0 0 0 0 0 0 0 0 
# New Event : 80264060
10 ns 0 0001 0000 0000 0001 0001 0000 0001 0001 0001 0000 0001 0000 0001 0001 0000 0000 0000 0000 0000 0002 0000 0000 0001 0001 0000 0001 0000 0000 0000 0000 0000 0000 
10 ns 1 0000 0000 0000 0000 0001 0002 0001 0001 0000 0000 0000 0002 0004 0000 0000 0000 0000 0000 0000 0000 0000 0000 0000 0000 0000 0000 0000 0000 0000 0000 0000 0000 
10 ns 2 0000 0000 0000 0000 0000 0004 0003 0000 0000 0001 0000 0000 0000 0000 0000 0000 0000 0002 0003 0001 0000 0002 0001 0000 0000 0000 0003 0001 0001 0001 0000 0001 
10 ns 3 0000 0000 0000 0002 0006 0024 0001 0000 0000 0001 0000 0000 0000 0000 0000 0001 0001 0000 0001 0001 0000 0000 0004 0000 0000 0000 0000 0000 0000 0000 0000 0000 
10 ns 4 0000 0000 0001 0000 0000 0001 0000 0000 0000 0001 0000 0000 0000 0000 0000 0001 0002 0000 0000 0000 0000 0000 0000 0000 0000 0002 0002 0000 0000 0000 0000 0001 
10 ns 5 0000 0000 0000 0000 0000 0000 0001 0000 0001 0000 0000 0001 0000 0001 0000 0001 0000 0000 0000 0000 0000 0000 0000 0000 0000 0000 0000 0001 0001 0000 0000 0002 
50 ns 0 0 0 0 0 0 0 0 0 0 0 0 0 0 0 0 0 0 0 0 0 0 0 0 0 0 0 0 0 0 0 0 0 
# New Event : 80264123
10 ns 0 0000 0000 0000 0001 0001 0001 0000 0000 0000 0000 0000 0001 0000 0001 0001 0002 0001 0001 0000 0000 0001 0002 0000 0000 0000 0000 0000 0000 0001 0000 0002 0000 
10 ns 1 0001 0000 0001 0000 0000 0000 0000 0000 0002 0001 0000 0000 0000 0000 0003 0000 0000 0000 0000 0001 0000 0000 0000 0000 0000 0000 0001 0003 0002 0001 0002 0001 
10 ns 2 0000 0002 0000 0000 0000 0000 0000 0001 0002 0002 0000 0000 0001 0000 0000 0001 0001 0000 0000 0000 0000 0000 0000 0000 0000 0001 0002 0000 0000 0000 0000 0001 
10 ns 3 0000 0000 0001 0000 0000 0000 0003 0000 0000 0000 0000 0000 0000 0000 0000 0000 0000 0000 0001 0001 0001 0000 0000 0001 0000 0001 0000 0001 0001 0001 0001 0001 
10 ns 4 0001 0000 0000 0001 0000 0000 0000 0000 0002 0000 0002 0000 0000 0000 0000 0000 0001 0001 0000 0001 0000 0001 0001 0000 0000 0001 0000 0000 0000 0000 0000 0001 
10 ns 5 0002 0000 0002 0001 0001 0001 0001 0001 0002 0001 0000 0003 0000 0002 0000 0001 0001 0000 0001 0000 0000 0000 0000 0000 0000 0002 0000 0001 0002 0000 0000 0001 
50 ns 0 0 0 0 0 0 0 0 0 0 0 0 0 0 0 0 0 0 0 0 0 0 0 0 0 0 0 0 0 0 0 0 0 
# New Event : 80264196
10 ns 0 0000 0001 0003 0000 0001 0001 0000 0001 0000 0000 0000 0000 0000 0001 0000 0000 0000 0000 0000 0000 0000 0000 0000 0000 0001 0000 0000 0000 0001 0001 0000 0000 
10 ns 1 0000 0000 0000 0001 0002 0000 0000 0001 0003 0000 0001 0001 0003 0000 0001 0000 0000 0000 0001 0000 0001 0000 0000 0001 0000 0000 0000 0000 0001 0000 0000 0000 
10 ns 2 0000 0000 0000 0002 0000 0002 0000 0000 0000 0000 0001 0002 0001 0000 0001 0000 0000 0000 0000 0000 0000 0001 0001 0000 0000 0000 0000 0000 0002 0000 0001 0001 
10 ns 3 0000 0000 0001 0001 0000 0002 0000 0000 0000 0001 0000 0001 0003 0003 0002 0000 0000 0001 0001 0000 0001 0001 0000 0000 0000 0000 0000 0001 0000 0000 0000 0000 
10 ns 4 0000 0000 0000 0001 0003 0000 0000 0000 0000 0000 0000 0001 0000 0000 0000 0000 0000 0000 0000 0000 0000 0000 0000 0000 0001 0000 0001 0000 0000 0001 0000 0000 
10 ns 5 0000 0000 0000 0001 0000 0001 0000 0000 0000 0000 0000 0001 0002 0000 0001 0001 0000 0001 0000 0001 0001 0001 0003 0000 0000 0000 0000 0001 0001 0001 0000 0000 
50 ns 0 0 0 0 0 0 0 0 0 0 0 0 0 0 0 0 0 0 0 0 0 0 0 0 0 0 0 0 0 0 0 0 0 
# New Event : 80264249
10 ns 0 0001 0001 0000 0000 0000 0001 0000 0000 0001 0001 0001 0000 0000 0000 0000 0000 0000 0000 0000 0001 0002 0000 0000 0000 0000 0000 0000 0000 0000 0003 0001 0001 
10 ns 1 0000 0000 0000 0000 0000 0000 0001 0001 0002 0001 0000 0000 0001 0000 0000 0002 0000 0001 0005 0001 0002 0000 0000 0000 0000 0000 0000 0000 0000 0000 0000 0002 
10 ns 2 0000 0001 0000 0000 0000 0001 0001 0002 0003 0000 0000 0000 0002 0000 0000 0000 0001 0001 0000 0001 0001 0001 0000 0000 0000 0000 0002 0001 0002 0000 0000 0001 
10 ns 3 0000 0001 0002 0000 0000 0002 0000 0000 0000 0000 0000 0005 0001 0000 0001 0001 0000 0001 0001 0002 0000 0000 0000 0001 0000 0000 0000 0000 0000 0000 0001 0001 
10 ns 4 0000 0000 0000 0000 0000 0000 0000 0001 0000 0001 0000 0000 0001 0000 0000 0000 0001 0000 0002 0002 0001 0002 0000 0000 0002 0001 0000 0002 0000 0000 0001 0001 
10 ns 5 0000 0000 0001 0000 0001 0001 0000 0000 0000 0000 0001 0002 0001 0001 0000 0001 0001 0001 0000 0000 0000 0000 0003 0001 0000 0001 0001 0001 0001 0000 0001 0002 
50 ns 0 0 0 0 0 0 0 0 0 0 0 0 0 0 0 0 0 0 0 0 0 0 0 0 0 0 0 0 0 0 0 0 0 
# New Event : 80264301
10 ns 0 0001 0000 0000 0000 0000 0000 0000 0000 0000 0000 0000 0000 0000 0000 0002 0000 0000 0000 0000 0000 0000 0000 0001 0000 0002 0000 0000 0002 0002 0000 0000 0000 
10 ns 1 0000 0000 0001 0000 0000 0000 0000 0000 0000 0000 0001 0000 0000 0000 0000 0000 0002 0000 0000 0000 0000 0000 0000 0000 0000 0000 0000 0000 0000 0000 0002 0000 
10 ns 2 0000 0001 0003 0002 0000 0000 0000 0000 0002 0000 0000 0000 0000 0000 0000 0000 0000 0001 0000 0000 0000 0000 0000 0000 0000 0000 0000 0000 0000 0000 0000 0002 
10 ns 3 0000 0000 0000 0000 0000 0000 0000 0002 0000 0000 0000 0000 0000 0000 0000 0000 0000 0000 0000 0001 0000 0000 0000 0000 0000 0000 0000 0000 0001 0000 0000 0000 
10 ns 4 0001 0000 0000 0000 0000 0000 0001 0000 0000 0000 0000 0000 0000 0000 0000 0001 0000 0000 0001 0000 0000 0000 0000 0000 0000 0000 0000 0000 0003 0000 0000 0001 
10 ns 5 0000 0000 0000 0000 0000 0000 0000 0000 0000 0000 0000 0000 0002 0002 0001 0000 0000 0000 0000 0001 0000 0001 0000 0000 0000 0000 0000 0000 0000 0000 0000 0000 
50 ns 0 0 0 0 0 0 0 0 0 0 0 0 0 0 0 0 0 0 0 0 0 0 0 0 0 0 0 0 0 0 0 0 0 
# New Event : 80264017
10 ns 0 0000 0001 0000 0000 0002 0001 0000 0000 0000 0001 0001 0001 0000 0000 0001 0000 0000 0000 0000 0002 0000 0000 0000 0000 0000 0000 0002 0001 0000 0000 0000 0000 
10 ns 1 0001 0002 0000 0000 0000 0001 0000 0001 0001 0000 0001 0001 0000 0001 0001 0001 0001 0001 0000 0001 0000 0001 0002 0000 0001 0003 0004 0000 0000 0002 0001 0003 
10 ns 2 0003 0000 0000 0003 0000 0000 0000 0001 0000 0000 0000 0001 0001 0000 0002 0000 0000 0001 0000 0001 0000 0001 0001 0000 0000 0001 0001 0001 0002 0002 0000 0002 
10 ns 3 0000 0000 0000 0002 0002 0001 0000 0000 0001 0000 0000 0002 0002 0000 0001 0000 0000 0000 0000 0000 0000 0000 0001 0002 0001 0001 0000 0000 0001 0001 0000 0000 
10 ns 4 0000 0000 0000 0001 0000 0000 0000 0000 0000 0000 0000 0000 0000 0000 0000 0000 0000 0001 0000 0001 0001 0001 0000 0000 0000 0001 0001 0001 0001 0000 0001 0002 
10 ns 5 0000 0001 0001 0000 0000 0001 0000 0000 0000 0000 0000 0001 0000 0000 0000 0001 0001 0000 0001 0001 0000 0000 0001 0001 0000 0001 0001 0000 0001 0002 0001 0000 
50 ns 0 0 0 0 0 0 0 0 0 0 0 0 0 0 0 0 0 0 0 0 0 0 0 0 0 0 0 0 0 0 0 0 0 
# New Event : 80264087
10 ns 0 0001 0000 0000 0000 0001 0001 0000 0000 0000 0000 0000 0000 0000 0000 0000 0000 0000 0000 0001 0000 0001 0002 0000 0000 0000 0002 0000 0000 0001 0000 0000 0000 
10 ns 1 0000 0000 0000 0000 0000 0000 0000 0000 0000 0000 0000 0000 0000 0000 0001 0001 0000 0000 0000 0002 0000 0001 0001 0003 0001 0000 0000 0001 0000 0000 0000 0000 
10 ns 2 0004 0001 0000 0000 0000 0001 0000 0000 0002 0000 0000 0000 0001 0000 0000 0000 0001 0001 0000 0000 0000 0002 0000 0000 0000 0000 0000 0002 0000 0000 0000 0000 
10 ns 3 0000 0002 0000 0000 0000 0000 0001 0000 0000 0000 0001 0002 0000 0000 0000 0000 0000 0000 0000 0000 0000 0000 0000 0000 0001 0000 0000 0000 0002 0000 0001 0002 
10 ns 4 0000 0000 0000 0001 0001 0000 0000 0001 0001 0000 0000 0000 0000 0000 0000 0000 0000 0000 0000 0001 0000 0000 0000 0000 0000 0000 0000 0000 0000 0000 0000 0000 
10 ns 5 0000 0001 0000 0000 0000 0000 0000 0002 0000 0000 0000 0000 0000 0000 0000 0000 0000 0001 0000 0001 0000 0000 0000 0000 0000 0000 0000 0000 0000 0000 0000 0002 
50 ns 0 0 0 0 0 0 0 0 0 0 0 0 0 0 0 0 0 0 0 0 0 0 0 0 0 0 0 0 0 0 0 0 0 
# New Event : 80264140
10 ns 0 0000 0000 0000 0000 0000 0001 0001 0000 0002 0000 0000 0001 0000 0001 0000 0000 0000 0001 0000 0001 0002 0000 0001 0000 0000 0000 0000 0000 0001 0002 0002 0000 
10 ns 1 0000 0000 0000 0000 0000 0000 0000 0000 0000 0002 0001 0001 0000 0000 0001 0000 0001 0001 0000 0000 0001 0001 0000 0000 0001 0000 0000 0000 0000 0000 0000 0000 
10 ns 2 0001 0000 0000 0000 0000 0001 0001 0001 0001 0001 0002 0000 0000 0001 0000 0000 0000 0001 0000 0002 0001 0002 0002 0000 0000 0000 0000 0000 0000 0001 0000 0001 
10 ns 3 0001 0000 0003 0000 0001 0000 0000 0000 0000 0000 0000 0000 0000 0001 0000 0000 0002 0000 0000 0000 0000 0000 0001 0000 0000 0000 0001 0000 0001 0000 0000 0000 
10 ns 4 0002 0002 0001 0000 0000 0000 0000 0000 0000 0000 0000 0000 0000 0001 0000 0001 0000 0000 0000 0000 0000 0000 0000 0000 0000 0002 0001 0000 0000 0000 0000 0003 
10 ns 5 0000 0000 0000 0000 0000 0000 0000 0000 0001 0001 0001 0000 0000 0000 0000 0000 0001 0000 0000 0000 0000 0000 0000 0000 0001 0000 0000 0000 0000 0000 0001 0001 
50 ns 0 0 0 0 0 0 0 0 0 0 0 0 0 0 0 0 0 0 0 0 0 0 0 0 0 0 0 0 0 0 0 0 0 
# New Event : 80264216
10 ns 0 0000 0000 0001 0000 0000 0000 0000 0000 0000 0000 0000 0000 0000 0000 0000 0000 0000 0000 0001 0000 0000 0001 0000 0001 0000 0000 0000 0000 0000 0000 0000 0000 
10 ns 1 0000 0000 0000 0000 0000 0000 0000 0000 0000 0000 0000 0000 0000 0000 0000 0000 0000 0000 0000 0000 0000 0000 0001 0001 0000 0000 0000 0000 0000 0000 0001 0000 
10 ns 2 0000 0000 0000 0000 0000 0000 0000 0000 0000 0000 0000 0001 0000 0000 0000 0000 0000 0001 0000 0001 0000 0000 0001 0000 0000 0000 0000 0000 0000 0000 0001 0000 
10 ns 3 0000 0000 0001 0000 0000 0000 0000 0000 0000 0000 0000 0001 0000 0000 0000 0000 0000 0000 0000 0000 0000 0000 0000 0001 0000 0000 0000 0000 0000 0000 0000 0000 
10 ns 4 0000 0000 0000 0000 0000 0000 0001 0000 0000 0000 0000 0000 0000 0000 0000 0000 0000 0000 0000 0000 0000 0000 0000 0000 0001 0000 0000 0000 0000 0000 0000 0000 
10 ns 5 0000 0000 0000 0000 0000 0000 0000 0000 0000 0000 0001 0000 0000 0000 0000 0001 0000 0000 0000 0000 0000 0000 0000 0000 0000 0000 0000 0000 0000 0000 0000 0000 
50 ns 0 0 0 0 0 0 0 0 0 0 0 0 0 0 0 0 0 0 0 0 0 0 0 0 0 0 0 0 0 0 0 0 0 
